A 0.120 3.402 0.120
B 0.480 2.723 0.200
C 0.400 2.723 0.400
D 0.480 2.723 0.400
E 0.480 2.481 0.200
F 0.480 2.481 0.120
G 0.400 2.723 0.400
H 0.480 2.723 0.480
I 0.480 0.640 0.480
J 0.120 2.561 0.480
K 0.480 2.802 0.200
L 0.480 2.481 0.120
M 0.480 3.122 0.480
N 0.480 2.723 0.480
O 0.400 2.842 0.400
P 0.480 2.723 0.120
Q 0.400 2.842 0.400
R 0.480 2.723 0.200
S 0.200 2.723 0.200
T 0.120 2.481 0.120
U 0.480 2.723 0.480
V 0.120 3.042 0.120
W 0.120 3.562 0.120
X 0.200 2.723 0.200
Y 0.120 3.442 0.120
Z 0.200 2.723 0.200
1 0.400 1.000 0.480
2 0.400 2.723 0.400
3 0.720 2.723 0.400
4 0.080 3.002 0.480
5 0.400 2.723 0.400
6 0.400 2.723 0.400
7 0.280 2.723 0.280
8 0.400 2.723 0.400
9 0.400 2.723 0.400
0 0.400 2.842 0.400
