# 4-inch letter height

A 0.120 2.561 0.120
B 0.440 2.241 0.240
C 0.360 2.241 0.360
D 0.440 2.241 0.360
E 0.440 2.041 0.240
F 0.440 2.041 0.120
G 0.360 2.241 0.360
H 0.440 2.241 0.440
I 0.440 0.560 0.440
J 0.120 2.041 0.440
K 0.440 2.241 0.240
L 0.440 2.041 0.120
M 0.440 2.642 0.440
N 0.440 2.241 0.440
O 0.360 2.361 0.360
P 0.440 2.241 0.360
Q 0.360 2.361 0.360
R 0.440 2.241 0.240
S 0.240 2.241 0.240
T 0.120 2.041 0.120
U 0.440 2.241 0.440
V 0.120 2.481 0.120
W 0.120 3.042 0.120
X 0.120 2.361 0.120
Y 0.120 2.561 0.120
Z 0.240 2.241 0.240
1 0.360 0.840 0.440
2 0.240 2.241 0.240
3 0.240 2.241 0.240
4 0.120 2.481 0.360
5 0.240 2.241 0.240
6 0.360 2.241 0.360
7 0.120 2.241 0.360
8 0.240 2.241 0.240
9 0.240 2.241 0.240
0 0.360 2.361 0.360
