# 4-inch letter height

A .120 2.161 .120
B .440 1.721 .200
C .320 1.721 .320
D .440 1.721 .320
E .440 1.521 .200
F .440 1.521 .120
G .320 1.721 .320
H .440 1.721 .440
I .440  .520 .440
J .120 1.761 .440
K .440 1.761 .200
L .440 1.521 .120
M .440 1.961 .440
N .440 1.721 .440
O .320 1.841 .320
P .440 1.721 .120
Q .320 1.841 .320
R .440 1.721 .200
S .200 1.721 .200
T .120 1.521 .120
U .440 1.721 .440
V .120 1.881 .120
W .120 2.561 .120
X .200 1.881 .200
Y .120 2.161 .120
Z .200 1.721 .200
1 .200  .840 .440
2 .200 1.721 .200
3 .120 1.721 .200
4 .200 1.961 .320
5 .320 1.721 .200
6 .120 1.721 .320
7 .200 1.721 .320
8 .200 1.721 .200
9 .320 1.721 .200
0 .320 1.841 .320
